01001011001111001001001001000111
00110111010100011110001111110011
00011011110011001111101000010101
01000101001110101101110100110000
10111110000011011101010000001010
01001000110000100111010110110110
10110101100111001001000010000110
11101011100001010101011011010100
01110111110001111110011000011100
00110011110000110101000100110001
00000011000001011011001011110111
01111101111101110101001111000100
11011011000010111001011111101011
00111110000100111110000110000011
10100011011101010101011010011001
01000100111101110101001010011000
