10100110010010101001010010011100001101111101111001100111000011001011011111001010110001011000001010100000100101001010111110100111
00110100100000000000110001000011110011110111000001000001000010100110010011111010001110111100100010001110100011110000110011101000
00101010110100011100100100111101000010110010001010010111111011011010100000110110111100100000101111001101100001000000001101010001
10011011011101100011101000101000000010110101011101001101001000000110010010100000000101100001001010111100100011010101100110110100
10010001111000100001001100001111000011000001000011000111011010111100010111001001101110111101110101001010011011001101100100111100
00110111101100100110011100010011011000010111001000101000101100100000100010110011011101011110111110110110100111110110010001001101
10011110101101100100011111010001111011101100010100101000000111100001011111010110100101111001001000100011010110100110001100110100
10010011110110110001110000001000011001101001010011110001010001101010111000011001001110001101001010011110000010001101101010100100
10100001001110000110010010111011011011111010011101100101110110101101101101011010101011010111000011111011100001110111111111011111
01001001000010101111100110101010101011011011011101110010110100011100100001101011000111000011100101000101110010000011110010110101
00010001001111101110111011011110111000110111010101101101111111101000011010010111110001101100011100111110001011010100111001110100
00000101011111000011000100111011001010100111110010011111101111010001100111011101100000101111010001101000101101011000001110001111
01100011010110101000010101000110000000000001001011001010110110111100111001111101011111011001011100010101100111011010011111111111
00110101111100000111000011111111011111011000111100001100011100100010011001100000111000001110110111011001111111110000011101011101
01111001101110101001001111101010101101011110100110010011101010010001110111110100100001011111111110100111000000101110001111011011
00110110101001110011010011101101101001000000110010000011101010111010100001110001011000001101100100100010111111001101010001111011
01001000011001010111110101101000011101110000101010101010001001010111100110011111110000010100010101111011000000001000101001011110
11100100001011101001101010110010001001010101100100110100111001110001000110001001110111000011001011110100101110010110110100011100
11011011001101111110101100001001100000111011000011010111111010011011111101111010110001001111111111111100001010010000011100000100
00101100001001110101010101100111001010001101010010110111110011001101001111010101001111010010011001100000100011101101101101100100
10100100111000011100001011000001010000010000011001000000110011010001110001001011100100011101110011010110110001110010101111001010
10100000001100001010101001001101000011011001001110110100100100011100101111101101110111111011000100111010000101001100001101011001
10111110100100100011001111011001011010010101011000111000000000001110101110110111110110100001011000001100111100100010101001100100
01010000000001000001000110100100010110000100010110111101101101100011101010101001001000011101100101110110110110110101001000110000
01101111100110010001010000111010001010111011110100000100100000001100110110010101101010111000111010100011000010000000100111101010
10110110011100100010010100001100101100010101010000111011110111100111110100100101100000101111101010001010101000010000100111000110
00110101100010011100011010101101100001010000110101010001111100100010111011110001101000101100100010100110100001100000101111001101
01000000010111001111011001000011101011101010111101101001110001010000101001111010011011100010001001010111110101001011100111010010
00101111011001100100010011011000000011110011111001111011101000110101110000100110001001010110010010100000011111111010001101000010
01100111000001000011001111100011000001000111100110000111011010101011010011011001001100100011110011001011011111101101000111100110
00101001011001111010110000111110110001110001111000010010011111000110110000001100100110110110110100100100100100100111000100111111
01100100101010010100110000000100000000111000110101110101110101010111010000100100011011111100000100101000110010110011101101110111
01010001000111100011100100101011101100001110010000110111111101111010001000001100111000001000101110110111100011001110111011010010
10001101010011010001000011101011100100011000011110101110101101111111000111100011001001101001001000001110100000101010001110001110
01011010110001001110011100110101000100100001111111000101001110011100101101101110000001000000000100101110101001110011000000111111
10101101011111101000001100001000101000011110000110001010010100001001010101000001100000000010010100100010100100101111010010100110
11000001000101000011110011011100110110010011100011111110000100110001101101110000110100110001110011000001100100100110000011101000
00110000101111001111111000000101010011100000011011011110000100011001101100110111101000101111011011100001011101010111010100110111
11000001000110011110111011101100110000101101000100111100010000111100110011000001100110100110101011001001111001011110101010010101
00101110101100111000110010000001010001000010011101000010010000100010000001111000100111100011110101100010100100001000001110001100
00111101110111001001110010111111000000011110101100010010100000110111100011011111110000110001011101111011100100100000011110011011
00001010100000110011010100100011111010001000010101000010101010011100100101001111000010001111100110010101010001000001110110100010
00111011100001011010110000101100101011100110001101100110101001001011110000000101011001011010001001000010010110110000110111101100
11011000101111001100101010110110100111110101101111110010100000101011101110111010011110010110011010010000101100110011100010010000
11101000011110011011110101110101000111110011111001011001000001000110100011000000011001100011010000110001000001100110110010011101
11001000101011011101110011101001100001110100010100111101011101100001111010101101100100110011000111011000001000101001011011100000
11010010010101111010001001001101011101111010010100011001000110010010100110110010110100001010111110110110010000011010111110000111
00110110110101111001010101010111011001100101011101011000011000010111101111010001000101010011010001100011011110000110101111110001
11011101001101101000101101100110101101101010011010011110101100000010101101110011001010111110001001111001111010101000001100111110
10101011111100110111001110110111011101001101000111110110101000110001101111111110010110100011001100101100111111011100011000001110
01001000011110101110000110100101001000011100011101001101011000101101011111011001000011000101001001001000000010101001010111111101
10111111110000001110101100011010000011011100100010010111000000011011000100100110011010111000100101110011111111010101111101010111
00101001000001010011100110101100010111101001011011101001010001010110100001011010010101010011011010000111011110100010011101010110
11010010100011001101111011001111011000000010101101000111010101101100100011000101100001000100001001111001100101011011010001111110
00011000011010011011101111001110100101100101001000110111011011011111101001110010001000110010101101110011101110111000111000010110
00000110000000100010001001001110000101110001011110100000000110100000110000100111000000101110110100101110100001000111111011010100
11010011110011000010011000011100100000100101101001000101110001000101000111011010100000110010000000001111011111001011110100011001
11111011001110010000101101011000100010001101100101010010010011111001100110011000101001101010011011100011010010010101100100100011
00001101001101111110010000111011011111010011011101110100001111111010100011010000000111000000110100010101101110101110011110111111
10000001001011110000101101001100011010110110101000011111101100010111101000000101000000100101010100101111101000110100110010111011
00001100001010011010110010001000001100011001000101010100011101101000000000100101010100101001000101010000111101000010100110100000
01011101001000110010101100111110011101101101101000001110111011011000001111001100111000001111001111010101111011000110011001001011
01010000100001010011000001010001111111010010100000001010010100111000110000000001001010110110110001111111000010001101010110011101
00100011110100000010000000000100000111100100000101001101010110000100001100000110000101011101011011011111111101001001010100111001
11100101011101000000100000111111111110100010111110011110001001110110000011010101000000010111100011100010011011101011001001111100
01011111100111101010011111110111111110101111101001010100000111000011000101100101111010011001010101100001000001000111000111010100
10100011110001110100101110001000110110011110110000101010111101011100001100010101111110101000001000011011111111010111100100100100
10000011101011101010010111111001001001000101010100000000000000011001111101001100001100101111011110000111000001010111000001011101
00101100100000011101001101000000011011010111000011100101111001101101111100111010011100001001000011000101101011100011010001011011
01110100111101100110000100100100001101111001000000000001011011011111010001010011110111100100101010101110111111011001011101001100
01010111101101001001110110110101010011110010111101000010111010111101010101011101011011110111101011001010111110010101000100101110
00011001111100010110001101101001110110110000111000110011001001011001010000110010111110111101110101100110010110100101011101100111
11011111011000000111000100000110001100010101000010011111100110011100101001111010000011101001100011101001011010110100110111000011
01011100010111011110110000110011010100100001111001111010101111000001111110110110100100010011101100011111110011011010010101000100
01010001010111001010110011111110000101011111110111101100010011011101000100110000000000001111000011101001001111110010100010011001
01110001101110110001001111101010000000100111101010101100110101001101110011101001011001000001101101111101011000000011111100010110
01100111010000101110101101001000011100110101111100111111110100111100101101100100110101101110000000101111010011010010111101011000
00101111111101010110000001010000110011010101010001001110010001111001001110001101011100011111001100010110110100110001000110010111
00110000001011000000011110000100011000110100111111001111001110001011111001110011010011111100000101110010101111100011111111010000
01001111000001101111110111001100001101001110110000101111000110011000010001010110110101100111001000101111011010001101110100000110
00110111000011000101101011111111000010111100001011001000100101001010110101011100001011010101100001111100011100000001100010000101
10001010010100100100001101100010010011100111101010110110010100011000100011110101001010100011011111010110110000111111100110100010
00001101010111011111001011000010000011110111001110110100100011011000001110010101111101011011000010010010010110101101011010111111
01001011001110000000110010100001111010000000110011011000011100000010110001000000101010001010001100010010111101011100001001111001
11010000000010001101110000111011010001010111110111101111010100001110110100110100101101010111110101100000001010000111011000101001
11000100010010100101001101010111000100001110011110000011011100110000100001111000000110001011110011100111101011010101011101100100
00010000110011100110010000011001001001111111111010001110110001100010111010001101010110111011110010001011000111011010000100101001
01110100100100000001001101011010101011001000010010011010110000011010100000001010000000100001001010101001101000010100100100000011
11100100100001110101111011110111100001000001110001101101011011010111111011001101011010010000010101000111000011111001100011100001
10010001101011001100101111010101000000010110110110100100110010110011100001110010001101011011100010011010100111111110111011011001
10010111011010100001111000100100110011011111001111001111010101000111100111011101000011111100101100001000011011110110100100010001
01101101000001110110011000010000101010101101111110101010110001110111010111101011011010000100010010101110011100110100000011111010
01111000010100011100001100010101111101010110101001011010111011001011001101011100111001100111110101100001011010011001101100100110
11000000011110010110001011111101111001110110000001111010100001010110110110001101000100001001001001101100001011010100000011010001
10101011101100101001111100001110000110011101111001110111101000100001100101000100000010100010100111011001011111001110011110010000
01001000000101100010000111111110101101000001100010101101011100010111110000001010111011000011110110010010101000110111100010011111
00101101100011111101001000010001111111101101100011100001111110100110010111010101011011011011101111011011000111001111110011001111
11101011001001111001110001111101001011100010100010100000111001111010000111001110101010100010000010001110000110110110101001111001
10110110101111010000110010110010100001001110111110001111111011011011011110011010111100001001101100000001000001111111000001101110
11011101001111011010001110111011110010111111010011111010111111010010101101110101001110001011100110001111010010111111100001100000
11100111000101110011100100101101011111001100101000010110000010010110000011011111101110110111011100010010101011011011101010101100
10101001100001011111001001111001101101011110000111010101100011110011100100111010011110101111101101000011011000110001000101010001
10011110110000011000101101010110001000010110100001011111011101110011100000111110111101101000010100110000011011010010000001011010
11101101000010011010000010010001101110110010011110001010011111100000100000111110100100000000001001010101011110100110110010011110
10101010101010011001100100000110011110101011111010010101000010101011100111000000000110001111010001110011110001000001110001100010
00010011000101001110001101101000110111101000011101110101010110011100100111110010001001000011101011110101101111000110001111010100
10001111000001110010001111000011110100010111100010111011101101011110100111001111100111001010011001101100111010001111101001110001
00110110100100101000000000110010100000010100111011010011100111100111110011110100110000111001100010111000001100111010010001101111
10010101110101000010111010011110000100100011011000101111010100110100010100010010000101010001110111000011100000101001110101110110
01110100100000111001111100000001110011101110011001101110001100001111101011001001010001000110110100011111101010111100111000000010
00001101011000101110110101000011001010101101011011001000101011010010001100001101001111110110000100001010100010101010101110000111
11010010011100100111110101111000010100010000000111011101111100010000110000100101110000100000110100011100101000001000000001001110
01010001010111110100100000111010101110000010110000111100011011100111111111010110111010100000001010110011010101000000110000001011
00000100101001111001111111100010111101101110010101110101010010010111100110010110010010100101010101011100001100001011010010100001
00010100010111110001101110101000101110100110001011010110010000010000100100011111101010001101000000111110110111001000110001001000
11110110010100001010011100100110111101010100000010011111001001010111111011001011101000010011000001001010010000110111100110111110
11000101011010101001010100010000010110001010011011111000111001010011101111111101000101010100000000001011110001110110101111110010
11011101000011011011001001101001100101011001110111010110100111000111111000110100101100111101100101100110101011010101110011101101
10011110010010010000101001101010110001111010110011000011011010100110000101101100001001100011100000011110011101100111110010111000
00001110101111100101101111011101000110110110010101111111101100110011111001110100100101111111110001101010101000001100011010100011
10000101110110111010110000001111100100101001110101111100001001000100010100111010000101001111101101101101001000101110000111111110
10111101010111001111100111010011010011110011100000011111000111010101111100110011101101100010010000110100001111010001110000101100
00011100010111101010000010011110000001101011111100100110011110100000110100010011111000010101011001110011110001000101010110100110
10101010100111100010011110111101101101000010101011101101101010111111010000101000111101001110101001111010110111010100000110111000
00001101100100101101101010011011010100011110111101000010000000001100000111000100111011101110101010010101111001100101001111100110
10011110001001100100010100110101010110100111110001110011001010110000000000010000010101011100101111101000010100101001011010011100
00101011011001110100010111011001001010111110101111100000100000110101111001011011000111100111011100101000101001110100111011110101
11100000101111110101001011111111110111111011110000101101101101100000000010001000001100000110100101110001000100001111100000001010
00111100111101001101001010000011001000101111000001001110101100111110010010010011010101110110101011001000100100101011000011110001
10111000000110100010101011101100001110100110001100110110100111111110101000000010001010000101000111101101111011100000001101110011
00100111001101101101101111110100000000000010111101110111010000111100011011011101011100010010001110010001101010001100001111101011
11000011011010011011010000001010100010101011101101010011011111011100000100010101100010010010010011001001110010000010010000000001
00100000001010111110110001101000111001110110001111011010011000100011111110000101010101110101011010110011101100001001010001010010
01011110110111001011110001010011101100000010000011001101110001010000111010100100001001100011001100000110100000110101001100111101
10000001111001010000100001101001011010101000011010010101111011110100010011010010011010111000111110101100000010000110011100100110
11110001000111010111001011001011011001000001101011100101111010000001111001101000010110110110111100001000010010011100101101010001
11100010101001010010100100000000110001101011010110101011111101011011111110100111110010100101111000100011100111000001000110100010
11110111110111011011010011110001010111110111111000010010110111110011001111000110011100011100110111000100111000000101110010011101
00000000000000000000000000000000000000000000000000000000000000000000000000000000000000000000000000000000000000000000000000011000
