01000000000000000000000101000000
10000000000000000000000010001000
01111001000101010010110111001110
01010000001111011001101110010010
10000110101100100111100111010011
01111010110011000101111010010110
00000000000000000000000000000011
01000000000000000000001000000000
10000000000000000000000010001000
01111001000101010010110111001110
01010000001111011001101110010010
10000110101100100111100111010011
01111010110011000101111010010110
00000000000000000000000000000100
01000000000000000000001000000000
00000000000000000000010001000000
01111001000101010010110111001110
01010000001111011001101110010010
10000110101100100111100111010011
01111010110011000101111010010110
00000101100101100011011011000010
00111101001010111011000000101010
00100001101001111011100000111001
01000001100010101000011010110111
01100101110010000111011001111100
10010000111011001001101001010100
01000111101011011100111001001101
11001010111101101100101010000011
11110010110011001000101011110100
10101100110110110111010100110000
11110111110100011001011001011110
00010111101000101101010001100011
11101011011000100101110000010001
11001100001101110100010011010011
01101111100111111001001010100111
00000101011000010000011011101100
00100110001011100110110100011010
00000001100110000100000000000001
10110111110010010100000101001001
11011100001000111000101111100100
10100101001011101111001000010001
01111110011110011100010111001010
10100110101100111010100001010010
11111110100111011010110111001011
11001001111000011000101011011010
11110011001010001011101101101010
11110111110110110010010000111010
00000111011001101111110110010010
00011101001110110101001000100011
01011111001011010000000101010001
00000000000000000000010001000000
01010100101011010011110101010001
00110000111101101111000110001110
10100000101000111000001100000001
00111000000000100011100101101011
00010011111000000011101000110001
01110101011010000101010111110011
01010101001010111010110001011110
10111100001001010001001011110100
00000001100000010101101110011000
10001110101110101101001111000111
01000100111010110110001001000000
01010010011100010111001011000100
01101010000001011011111110111001
01110011011001000000101111010000
00000011110111001110010010010111
10110011000011100100000000000101
01000111111011011110010100010110
11111011001010000111001000001011
11111001110001101101001101110000
01100111011100000010000101111011
11001111100110110011100100000111
01000001110100011010101100010100
00001010100101101101011111010010
01000010110110001010111000011001
00101000011010111010010001110001
10101110000111000100011001010000
10001001110100010001011001110010
01010001101111100101110010001011
01100001011111010010100111001010
11100001100110011111110111101001
11001100110101011001001011111100
00100110010101000101010101011111
11101101101110001101111110000111
11001000010001011000111110000010
00000000000000000000010001000000
10111110101111000100001111001011
00000101110101010000001010100000
10010001011011101001011001111101
00110111001101010000110100111011
10010001100001111100100110010100
11100010011101110101011010111010
10010011111011001010010000011101
01111100011111000111000111000101
01111001101000010110111111100100
10111010101011011000100100010110
01011110010100010110000010001101
01000100000110000011001001000000
01101111011001101111010101101000
11100100111110111000000001110010
10011110000111110101110001111010
11001011101010001010010010111111
00001100011011111011011111000100
11101101111101110110111100011110
01010010011011111011000110111110
11010110110110101010111011110011
01001101001101011011110001010001
00001100101101000001001110010001
10101011000011011111001101010100
10111000100101100011111010101011
10001110001011111001000011100101
00011011100101001110110001110101
11111100100011010001001101111011
00101101010111000100011101100110
11001111101101011010100101100101
00110001111101011101010011100111
11000100011101010101111101110111
10111000011011110100010000101011
10110110101111011000110110011010
10101110011010100001110110010011
00000000000000000000010001000000
01000101001000001100001001101111
10000001000000100011110011100000
10000111001001000100100100110001
11011011100001011011011111100010
10001111101100010100100000111101
00101101010001000010010100100011
11011101010110110101000101101000
11110110001101101100110000001100
00001101011000100110100110001010
01010001100011110110001110111010
00010001011011101101100100101011
00100100011111111011101000110010
11001000001011000100100010100111
11001010110100110111001001101101
10010001101111110110110111001101
01100111000111000110100110111101
11010001101000110100100000111111
00110101000110011001101011100111
10001011101011001011001010001101
01110000110000110100110011011110
00110010110100111111000100010111
11111101100001001011011010010110
11101101010111101101011100010100
10110101011001010011111101000011
10011100111100000111101101000000
11011101000000100000011100000001
01110000010110111000000011001010
00101011100010111000110100000000
10110000001101101001111111110110
00010110010001011011111111100110
00011100000100010111111110000101
11011111001110001011011111011111
10101000010001111100100000110111
01111100100011110111011110011010
00000000000000000000010001000000
01110011101111010101100110100010
10000000100110111011010100001000
10100101000000000100101101000110
10011000000011100010011110101001
10111111011000011000100001010101
10110101111111011100000100010011
11010111100111111011101000001101
11010000011010101000010011101101
10101110101000001000011001010010
10110111010001011110000000110001
11110100111010111100011000110011
00000011101101111110100111011011
01010100110011001101011101001111
10110101111010111101111011100000
11000101111010011011000000100110
00001100101100111011010100000000
00011111010100100101000010110000
10110011011010001110100111010011
01111110100000010111111100111110
01011101101110011011101010001011
00110000000010100010000111001100
10011111110011100001111000101100
01011111110001101101110000011000
11011011001001011101110000100001
00011001111100100011010101101010
10111100100001001010010010111000
10011011101101100111110011110100
11011011010001011101101010111100
11010101100011100001100001011100
00101111010011010111000101001000
00000000010011101011010011010011
10101011011010011000011000000101
00111010111111110011000001010001
00001011111010110100001011110110
00000000000000000000010001000000
00001010000010111001011011010111
01010011111001010010100110011001
01010100101001010101100001010011
10110001101111010001010110110001
11110100000000011000110111010011
00101111101011001000101101110101
01000001100100010011001001101011
11100011110100000001000010100100
11110001011101110110010100110100
11110010111100101110111010101101
01100010101010011011100110100111
10011010101101111110101110010010
01100011101101101011011101001000
00101111010101010001011001100100
01111101000011110000011010110011
00101011010110110110011000100001
00111001100110011101111010001011
10010001111110111111100011011011
11011010111010100100010001011111
10101001110000100000011101110100
00111100000100111111010101100111
10110101010101001011100001010000
01000001000111011011110001101000
01010001001000000111011001011101
11011000111011001011001100011011
01001010100100000111110110110001
01111110100101101110100111110101
10100010011100110001110010010101
10100111000011000101010010100001
00110001100001100010110001111111
01111100000111001001010111011010
11010101110100010010000001110000
00111110111100011110001011110001
01110100000101100001111100111011
00000000000000000000010001000000
11001001101101100100110100000001
11111000110011001000000010101100
11011100000111100101101011001110
00010011110110110110110101000011
11001011100001011110011101000011
11011011111011111000111101100111
01011001111010001101100001100000
11001011001100011001100010101011
10011111000010001011101001101010
10101101111100110001100000110101
01000011000001101001001001000110
10101010110111111001011011010011
00001000100011101110000000010010
01011110101110100001101000100111
11100010000100101000011101000010
10001110000100011111100001101100
00101001111110001000011111100001
01011110010100100010010011001010
11110100010111100100101001110010
00111011100110010100010100111011
10110000000111101010100111000101
10110111001001110100111100000010
11001011110111100010010110110100
10111101101101010100010101011111
11011001000100110100010010111111
11101001110110111100011100111000
00000011011001000111010110100111
01000001010001011010101010101000
01000101101010011101111000111011
00000001100000011100101101111000
10111101010110101001001010010110
11011101101000111111011111101101
01100111001000111010110100100100
00111010101100011011110010101111
00000000000000000000010001000000
11011100011000100101111111110110
01110010011000101111110111101011
01011100011010010010010100001011
11001101000001001110010101101110
10100101110001000100010111010010
01110011101000010100110010111111
00101100101001001011101111100010
10001001000001110101000000110100
10000000001001001101011110011110
00000101010000000001110011110110
01010110111010000101111001011101
00011000000010001001100010111101
01011010011100000011011000100110
00100010110011000111001100110010
11000000001011100110000010000111
10111101101100010010110011110011
11011001111110011010100110110001
10111100101101101110001100100101
10010100100111011110101111100000
11010000010101010110010000101111
00011010110100111001001010100000
01010011010110100011011001100100
10010101001011100000010101011010
11110110110000010110000111010101
01000111011101001100000100001011
11101101010101110110000011001010
11110001001010100101101010100010
01011010011010101011111011011011
01110001110000100000001000011111
11000100001111000001000001011010
11010011111100010100010000100001
11111010011011100011110000010010
00000101011010000111111111011100
01101001000101011100011001111010
00000000000000000000010001000000
01010010000000000101001110111111
01110101100000001111110001000010
01101001011011100110000000011110
10000111111001011000011001101110
10101101000100111110110100110011
11101110110100001101101101101000
10111101101010110100001100010111
11010100000100111101100000111001
00111110000100111101001001111101
01111101111111000011001001011011
11101110100011001111100101001010
10010000001110101001100010011101
01111001100111110001011110110110
01111011100100010100001101110011
00001011010101111100010101000100
10001001111010100100000010101000
10101011101001000010001010101100
01010011010010101100011011111110
00101101100000101101111100010001
01110110011011011101110110100101
10010110110101011001101111001101
11000101100010110111001001000010
01000000001001101001010011011011
10101111101111010111011111011011
10000011101100110000111010011111
00000110100000011001100111010011
11110100000010010100001111001111
10111010100001001011000001001100
11001101010111010110111101011110
11010111010100101110111010001100
10100001110110011101000011011001
00011110000100001110101101001010
10111000110111101101111110000100
11010010001100101001110111110101
00000000000000000000010001000000
01011011111001000000101111111011
01110101110111111110101111010010
10011010011000010111010001101011
11010100001111111101111100101100
10000011000000011001100110000011
00001100011111011110110101111100
01110001101000010010001010111100
10011111000111101001010001111101
10110110010101111101000010010110
10111110100111000011100101111101
11000100000010000110001000011111
11101010110000110000111111000010
11101100101100001100100111000101
10000110010101111001000111111100
10011101001010001000001000000011
11111000110000111001110010110000
00100111000001111111101111000000
10111000111001000100011010010111
01000010011110110110010100000101
00100011000001011001010111100000
10000100100111101101100000100001
00111010011100110101000001001011
10101010101100111000001111101010
11110010101110000111001100110100
10000110110001011110110000000100
10001001110111010110100011110110
00100010101101000011010111000010
01000011000100000011101110001100
01100110011100000101100011100111
11011010100001101010110011101100
10111000000100010101011111110111
11000111101101001110110010110110
00000101000110100101010110000111
10011101111011110111010000110101
00000000000000000000010001000000
11000010010100101000111111010001
01001110111001001000111101011101
00000000010110110111011011101000
11010100111111010111110001011011
11101000000011011010001000100010
00000100101110000101000000111010
00101000001100000011100101011010
11010010110111111101011101000111
00110110001010011110110001111111
10000111100001001000001010000111
00110111011010000111110111000100
11000101110000101000011110101001
01111111111000111000101010100011
01001001000110100001100110010010
00110111001000100010111101100001
11111011011110011100111111100100
01010011000100001010110111100110
01001100011011111111101111101110
11011010110011000010100000100110
10100001010111011100000001010100
00010011001001110111101111110111
11111111011100101011000100101000
10110011001111111111000010001010
10011101101011110000011011111001
11110111111000101110000101110010
10000011011010101100000011100011
10000010101001000101010111001000
01011010101000111010000000101010
10000010010001111010110111000100
00010110100010111001100001000111
11001011110110101011011010110001
11111100001011100111101000000001
11101100001110101011000100000001
00111111101001110100111010101001
00000000000000000000010001000000
11011011110100111111001000101111
01101100111000100001110000110101
01110001000111001001111111101110
01110110010010011110010110101001
11010011101100111100000110111110
00011111000100101101110110111000
00011000100001010100101101010010
11111101011101101101001111101100
10010100000100010111011010111111
11101010000111001001100001010110
01000001100010110001001111110000
11100100101101001011101101101011
00111000101011101101011110000100
00000010000111010010110110111011
01010011001000101100011001110000
11110111011000000110101011111110
10110111100001111110010110010000
01001011110011010001110010011111
00001001011011001101100101110101
11001101101000011101000010110110
01000010010101101001010000111000
11101011000110101101110111110110
11001110000100000000100101100011
11111110010101000001110001100101
10111100111010001000010111100111
00110000001100010010000000110011
01110011110101000001001010000100
00001110111101000000111111110101
01101011011100011001110111111111
00001111100110101100101100100000
10011101010001001001010101110010
00100010100101001001100110001110
01111100111101001101011001001001
11011101110000001011000000110010
00000000000000000000010001000000
01001001000100101100001110010000
01001010001110111001000110011011
01101011110000110101100101001011
10010101000011001110011100011000
11111110111101001001100000011001
10100010100000001011101011010011
10110011010110001111000011111011
11001010010101011010100111010000
01001011100001000100011111111101
11001110010110001011110011011101
01110110101001111000000000001010
01011110111110100011000011001011
01011000101010110101000101110101
00010011011110110010111110111000
10110101111011001010001110111110
11010110000011000011100100011011
11000101010101001010011011001111
11100100010001001111101011101011
10010100010111101011001001001010
11011010100101101111110111011111
01110010110010000111001010010111
01101111000111011010001010010110
01000001101001101100001000011001
00010110111000111111101111111011
10101101111011111111001000100111
00000000110011100100101100101011
00111010011110101111011000111011
11111110101100001100100101011101
00000110011011000001101101011000
01000010101001011011100010111000
00100000000000001000101100000011
10110011100110001011110111001100
00101010100010011100110100101010
01001011011101111001100011011000
00000000000000000000010001000000
01000101000110001100011000111011
10011111001101100101111110001101
10001000010100111100010100111000
01000011000010001111110001110100
00101110100100100100000100100011
01010110001010001110001010011010
00011101100010011001001010000011
00101101001110111100001001011100
10111101111001010101000011000101
01101100100000110110111110001011
10110011001001100111111000111011
00101011110011111100000011011111
11110001100010001010101010101110
01101010001011001001100111010001
00010001101110111101000101100101
00011101110001100011000000011000
01100111000011001110110000001010
01001000000000110011000101101001
00010100011111110110101100101001
10101110011100101000011100011000
11100101000000001111100001111010
01111100000000110011101101111100
11000011001101001110001110000000
01101110111010111000100100101100
10110101000111110010001000011010
11101101100111000110110100000100
10000101011100110101100010100101
11101000011010101111100011110001
10010111110101001111010011111001
10011000101100000101011111111101
11000000010110011011011100011101
00111100000001000001111111101010
00010101101100111000001000001101
01101011010000100000101011001001
00000000000000000000010001000000
00111101000010011010001101110110
01101100101010001010000110110110
11101011000100011011010010100100
10000011110010001101111010111100
00001000001011111101100001001010
10011011001101000100000111000001
10000001100010110011011100100000
00111111100001111110010110101100
10001010010000101001001110010101
10010010101100101110101001110011
01000100111010010000011101000010
00110101111001101100001110110101
00101100010100010010001110010010
01110010011001101101010101100110
01011100101110110001100101101100
10000000101111111011111110011000
10110011001000110101100111110101
00100011110100000011110100000000
00101010110010110010011001010101
11101000000111011001011000001010
10000011011001010011010001100110
00011000010011010000000011001110
11110101000000110101011001010101
00011001011100000000010001101101
01010000101010101001100101011001
11110111010101100101100101011000
10011011011000101010101011100010
01000001010100011111100111101011
11101111000001110010001010111000
10011100010000100011001000010001
01111111100010110011000111001010
00111111010010011110111001000110
10001110111101000000100111100101
01001011011000101101000100000010
00000000000000000000010001000000
01100011101100011001001100010100
11001010100011000001000001001110
10001111110000010000000100111010
01010011101110111110110111100110
10100001101110111101010001011100
00001110111010010000010110101010
00100110011011101011100100101101
00010101101010000111111000001101
01011101011101000110010000000101
10110100000011010100001101011100
01110101111111001011111111001010
10100111101010100011101010001001
11101001100010111001000001011000
11000000111001110100111111010111
10001011101110100000001000000001
10001101010011111100000011111101
10110110110111010111010010011100
10000100010000100111001101001101
01101011001010100100011101011111
11011111111010001100101111010100
01000101011110000101010101001011
11001000010011101111100000101000
01111111101100010100101111001110
00011110110110000000011110001100
10001101110110100000110001100010
00000100011101110101111000001110
00010110101010001111011010011000
01011111101100011001010011100001
01110100111011111011110010011110
00111111011111111010000101111111
01001100111001011111010011001101
10000010100100010101001010110011
01001001100010100010101111010110
01110110010001101110011011110101
00000000000000000000010001000000
01000111100011001011011111001001
00110111010100011110110010001110
01001110001000110000010000011110
11000000001011011101001101101101
00100110011011101000011110101011
10110111111111100101110010001111
01110111000000101100100100001011
10101011101100110111000010110011
11111010101011110001011010011001
10101000000101001010101010010001
01010101101000111110011110000010
11111111000101100000100110010100
00101000001100010101010100011110
11001001000000011111111011111111
01010001001111101010011111011001
00011010010111110111110001100010
11111110101011100111000110001010
10100000011011000011001000101101
01111110101010111110100101111011
11011011010111010010001110010011
10101000011001011111100101100010
01010111111011100110111101110000
01001010001010100000011001001101
10010010111010100001010010010011
10001111101111111111110011011111
01110000000000101111001000000110
01001111001010100110000000100101
00001111101111001000011001000100
10101001011110101011000100100001
01101010111000010001110010001000
01001110111110000001100100111010
00001011010110100100110111001001
11110101110000111101101110111111
00011110100001010101111010111010
00000000000000000000010001000000
10100000010000000101011100000000
10111010101001111110101100010100
10000010111001101010101100100101
00101010011001110010010110110011
00011001111100100001010000000000
10101011010110111001110100001011
11000111101011110100110101110001
00001101001100100100000110100001
11011011000100110010010100000010
01001000000101011110001000011001
00000011010000011000110110000101
00110011001000011000010101111111
00111111100111111010100001000100
11000100010001110110110000010000
11011101010001100111101110100000
11011101000100100100101111010100
00011000000100101010010000001101
11100111000000101111101100010110
00101101011110010101000011110110
11001110011001100111001010000110
00001000111101111111001000010111
11000110110010100000000100101010
10000000010000011010110100100010
11010010111101101111110011111111
10000000001000101110010010000010
00011111101000000010100110010101
01101101010101101001100111100010
01011001000111001001100111001000
10000000011101101011110111001100
11101101110101000100001110111101
11111001001000011101001001110000
00010011010000110100011010011101
11101011010010000100101010000100
10110000100110100111011000101001
00000000000000000000010001000000
11010001110001100010010000011010
11101111011101100001011001000010
11110101100011000010100000101110
00110010010111001110110100100001
01000111111100110100011001010101
00101011110011101000111001001001
00100011100101011100001011100111
11100011000101110001011100101001
01001000000101010000000101100100
10101111100101011111111001001000
10100100101001011111101000010010
01001010001110000111010001110100
10100001110001001011111100010110
10010001010001110001010001110000
01001011001101011100001011111010
10010100010110011010111001111100
01001010110000011100110001011011
11011100000011101101101001000111
11101010111010010011010101110111
10110110111100001001100100011010
10101101000111011101110001111001
01010110000001111001110001010101
10011101011011110011001101101001
00101110111011110100010011000111
11101011111011101111001011110100
01100011111010111110100101110000
00101000110100000110100010101011
11111101000011111111110110000111
00011100101000101010111111011011
11100001001100001110001000101000
11011100111110011110000111001000
01101011100111001000110100101111
00001111010010110101111001110100
11101101100001001111111001000001
00000000000000000000010001000000
11011111010101101011001111100011
10011010110001000001100001101100
00110001111101011000001100001000
10111110001011101010111001101001
11110111110101010101101110010010
10010111001011111100000010111110
00110000010011111110100100000011
10110101100111000110001111011110
10000110110110011010110101010101
00111100101000110011111111101101
01111010011000110011001001010001
01101001000011111111011100100011
10101101011011101000011010100011
00000100101000000000100110110111
01001011101001101100011101010100
01111111110000111011000010111000
11101110111111111010101100100010
11101011110001010110011100000110
01000100111101000110000100101010
10101111100110111011011111111001
10100000101111001010111001100101
00110010000110001001110010101010
10001111110111110111110111110111
01011011001011000110101111110011
00010101101000100101010111110010
00011110100101011101001000100111
00000000111000110000101011110110
11011010010001000111100111111100
00000101110001011111010100011101
10101110100111000111101101000110
11011000001100001100110110001000
00111001000011100101011111001011
00100000111111101010110000110010
01111111110111101011100111001111
00000000000000000000010001000000
11001110001101101101110011000001
00001001110110110100010010010111
01011000011110110011011011101001
01001111010000000001110000110011
00011101100111011100111010011000
10010100001001001001101011100101
11111001001001010001011100010001
11100111011100001101011001100000
10010011111000001011010000100010
01111101011011000110110011100001
11001110010101011110001100111111
10000110010101001101100000110011
11010100111010001010100001110100
11000011010000010110111110010010
10010101101000110001111001101110
01111111111011010110110011101100
00101011100100110011110100011111
00101000111101101011011011011100
01111010011011001010110110100111
11001011001100011100000111000110
10110011111111111000110011011101
00010000010001110110000110101011
01101111111001010010000010111101
00110000111101101100001101110000
00100111000111110011111101110111
00000111110101010101000000010100
01010110000101001110100000011000
00010111100011101101010100100110
01110000101001100110110000110001
01010000010110101000100001100011
01001101010011111000111010001111
01001000110100011100100010111011
00010010111100001100111001111110
00101011110110001111011001011100
00000000000000000000010001000000
10010110100101010100010000000101
01010001101000100100110001101111
00101000110011110001111000011011
11111111011100000100001011010000
11100011010100011111001010111011
10101110011000000011001110111000
00101011110001101011111111000101
01010000111000111001010000011100
01110111100110010000100100101110
10010110101010000001101111100110
01110101000010100011111011100110
01011100100000101000010100110100
11001011011000011001110010011111
11101111010011001101001111011011
11011100110111110110001001101110
01001011101100111010001101110101
11010001101000000001110101010000
00110101101000101100110011000011
10110111111110000011011100011100
10000010110000110111010110001000
10001111011001110000011101010101
01010000010111001011110011110110
10000001100010000110000100111111
01101001001100011011110001100110
10111100011111010110000001011000
11111100100110010000110000110111
10110110000001111100001010111010
11001111011110110111000010100111
01111111100000110001011010101110
01001000100100010001111011101010
01010110011011010001111011110100
10100000100111000111100010100010
01101011010100101000110100010011
10101010101111001110000000000111
00000000000000000000010001000000
10111010100001001111100101110100
10011011011101010000001101000101
00100010101111101101011010000010
00101010000101111011100000010010
00110111100101001100101111011111
11001000001110110110100100011110
10110110111100111010100111111000
00010110110111110010010011010001
11111001000110010010000101101111
10010010110100100111011001111111
00101000001001111010010110100010
10000010111100101001111110010111
10101001010101010011010001010001
10001001001100001010001100010100
10111110100101110001100101100101
01101001010000010100011110010011
11110101110000101001011100110010
01101010100001110010101101000110
11100001111010110110101011100000
01011000100111001110110110111000
11101011011000011111010111100100
11000111000110110100100011101111
10001110001011100011100001001101
11100101101011111111001100000101
11000001001000111001111011101000
01110000101110110100011111110010
10111111111100110111000010100000
10100100000111100011100011000111
01111000111010001011101011110001
01100011001100000100000101110111
10010011000000001000000001010010
01111101010110100110010111110111
10110100010100010011111000111000
00101011011111101010010111100000
00000000000000000000010001000000
11011111001100001010111000011110
01011010110011000101001100001001
00100001000000001011001001101010
01000110001110100101001010010101
11000111110100001111100111110111
00011000000110100001111010110101
11111001110110101111100101110010
01101111101101100111001010100100
10101100011110001000010110111100
01000101101100000000100000010001
01111111111100110000011010110001
10100000110101000111111111001001
11000101101000011000110110100001
01110010111110011010011110011110
10010111000111110111011010011100
00011111100110111010100100111001
01111100101001000011000100100111
00100110001110010001100111101010
10101011011011011000110110110101
10010001001000000110101001100101
00000011111111110101111110110100
00100111000110101111010010010011
10101101001001001011010110001010
01001010101100110100110101011001
10010011111010111101100010000100
01101001010110110010010011001011
11000000101111000010110000001101
10101011010101101101100111000101
01101010101000000010010101001010
00110100101010010001000100111001
00010010101001001110101100110100
10010000011110001011010011010101
11110101000111100100010100010010
01011101110111001100001111011011
00000000000000000000010001000000
11111000110010110100100000111001
11111110011010100110110110110010
01100110001111001110101110010001
01010001000011011000101111000001
00010001000011101010000000101001
11001110101110011101000101111010
10001001000011101011001011101000
10001011100010000001100101100101
01000010010000100101000010110000
11101001011101110010111001010011
01000010101100001010001100010010
10100001100000110101010001110100
10100100110100110110011101010000
01001110001100010010000010011000
11100111110111100010010010010001
11100000110010111000111111101110
01001101100011101100011101000000
10011100111110111101111000101111
10001100101000110001110000010010
10111111000100000110100000001110
00111110010101011011110110011100
11001101010001110111011001011100
10110101110101101010001001100110
11101110110011100100010100111100
01111100101101111000111001000010
00010000101110000011011000101110
00011110010011011110100000011101
00001110000100000001111011000101
10011101000111101111100110011010
01010101100100101000110001110111
10010110010111001110111101001101
10100111101110101011001010110100
11011000000100000000100111001001
01000000110000111111011000101010
00000000000000000000010001000000
11110011100001011111110101110111
00101111001110111001011001001101
00010011110001010110101100010010
11001111001110010001111110010000
00011010111101000010101000110000
10101011011001111111100110011010
11011011010111101000011110110011
11010011001100111100111011000100
01010001111111011000110101100011
00010111111110100011001000010100
01010101101000011011000101011111
10101010100000100110110100010101
10001010000110110100010101111000
11010001010101101100010001101011
10000011001101001101010101111001
01100000100110001010101000001010
11111011000100011011001100010010
11011000100111111010110111010100
10101010111010001000101101110011
00010011100111011000010011100011
11011000110011100110100100011111
00100010101111011000111011000011
01110000011100100100110101110011
00010011100001011011010101111110
10011011100000100010110001010001
01011101010100000000010110000000
10110010101001100011100001101100
10000000001100011110111010111011
11011000100101100011000011110010
10000001111110110011110001011101
11001110010000110111111100101110
00001111110100001011000111000110
01111111001000101100111110111000
11110100111111000000110001100110
00000000000000000000010001000000
00011001000000100000111110110010
00111101101010010101110010001001
00011011110100010110110010100100
11110001001100010000111111000111
11101111000100101110001011000110
10100101100101000100110111100111
00101101110110100001011110100001
00001010000100110110000110011101
00101110111111000111010001001010
01111001101001100011100010110100
01111110111101101000101001110111
00011101011010001100111010001111
10111010100110110111011000110101
01010010011011111100111110111101
11001111101011011111100100101100
10011101001011101000100010001100
11101100010010000001010110101011
11010010111010111111000011100010
00011110010010111111100001110100
01100011000000110111001001011101
00100001001010110001010110111111
11011110100111000000101001100000
00010011101100101001000000110000
10001011101101100001011101000011
01100000001101000111101101000001
11110100001001001100101101101110
01011101101000011111010100001011
10111110000110000110110111101100
11110000001100000110100100101110
00100011110110111010001101111000
01011110100011110010010011111111
11001010011110001111110101100010
01101010111011011010101001111001
10011111111010011001110000001000
00000000000000000000010001000000
10000101101010110111001000011011
00101101101110000011001010011100
10101001000110111100110000000010
10110011001100100001101111111000
00000111011000000101011011101000
10100001000101000011010111010001
01111110100011011111001011101101
01001101101011111100001110011011
11010011000111101010111000010101
10010001101100010101111100111000
00001010110010110010010001011110
11001111100011001010001000011100
00101010010101000010010100011100
00111100011001001101111010111101
11010101011111101110101101110101
11000011001110101011010001110101
11010100000110001001111011111110
11101101101110110100111001110100
01111010011110000011100010111001
00100000100110111011011101110001
11110110011000000010001001010111
10100100101001110111100111000110
11111001011010100011100001010101
11110100011101010011101110000100
01111010000100110010111010011001
00100111000000111001110011111000
11011000111000010101000000011011
00110111000101011011011001100101
00111010010101111100000100100111
00010000100010001101100010001001
00100000010000011101000110010101
00001001011110110111011111000010
10000110100000000010000101011001
00100000111011011010101111110010
00000000000000000000010001000000
00101101000101011010011010001111
10000001111000101011100100000001
10111011100111101001110011111110
00010010010010111010011011110110
10110000010000001001011000001110
11000010010001111001100011001011
00111000010110111111100101001110
11110011100111111011100000010101
10110110101101001011001101000111
11010100000110011111100101001011
00110110001011011001101101100101
01111010000100000001111100011001
10110011000011101110011001111110
00010001110100010100001101110001
01111000001101010010000011101110
11111010111101010011110110100100
01001110001110111100110000011101
00110100100101011001110110010011
00110111010100111110001111101100
00111011010111011000100011110000
10101010111111111101011101110100
00000010011110010100101000001111
10011010010000111111100000111001
10001001110000000101100001111100
01000011101000111001110010111000
10000001000001010011011010001000
10000011111010011010001101001000
11000110110100111010000110010001
10000100010100111001011110100101
01101101111010001111001110010001
10100100101111100010100011100110
11010101000100011100000001001010
01100000111100011000011001000111
01100101110101100001100101100000
00000000000000000000010001000000
01011000101100001110110010101100
00000000101010110001010001001101
01000010000010100011010101111101
00000111101011000101010110101000
11111110101010100011110011111110
00101001000100101100001000010001
10111001011001111100011000101001
11011011101111111100100100000100
01000001110000111101111000001100
10011100110011001100000111100001
00001111011001110000001011001001
11111111000010101011101101110011
01001110111011101110110111100111
11101001111001100111011100001010
00001101000011110101011111111110
11011000100001001110010101101110
01000001101110110101110011111010
01111101101010000011011101100000
10010110110110110011011101111100
01100010110100000010101111001001
00101010000001110000111010111101
10101110101001010100100000000001
00111011100100011011001100101010
00100000101111010001011100010101
11110111000001011101000000100001
10000111011011010011000111111000
11010110010111001011110001001001
11000010100111111110111101001000
10111011010110100111111101110000
11100101001010010110111000010011
11000001111000111111000000010010
00111010010100000110010110101101
00101110101010010101001001001010
00100110111101001010011000110101
00000000000000000000010001000000
01001111101000110101010010000001
10010100000111111001111100010011
01010001011100011010111110011011
10110101011101001001110100111000
00110000001010011011111001110000
00000011101110111110100101001110
01111001010101111011000010111110
10000011111110001100100100011100
10010001011011001001101010010101
01000111000111110000101010101010
00000000010010110010101011000010
10101110100111101101001011110001
10010100100110000110010100100011
10100011101000101110110010101111
01011110101101100110110000011011
10100101101110110010000111100001
11010010111100101001111111111100
00110111011100101001111001100010
01111110101110101110000001111111
00010000101010000101001011100111
00010001110100000110011100110011
10011011101010110011000101110000
10110111101110100000011100010010
11000010101100000001101010111011
10010100101001101010010110110111
00111101111101111110001110000111
01011111101101001100010111001011
01001110111001111101111101011000
11001100000011011010011000100101
00000001101100101100110011111000
11011001101001110010000100001000
00010111011100101010101101101111
10110100111001111011100101010001
11101011011101011100001010011010
00000000000000000000010001000000
00001000101000010001111001101101
01000100001000000100101011010000
10011110000111011000000111001110
10111111011001111110011101011100
11110111011110111011011011101100
11001100111010110000100110110000
11110011000011011111101100111011
11111010111011110111100001000000
01010111111111000111001000111011
01001111111100110000111011001001
01011110100111111101011010010111
11101011111101010110101000100010
01001001011100111000001000111010
10001000100101101111000101100110
00100100001100100001110111111101
11110100000111110000101001101111
10111000001100101000110001010101
10100111010100011001111110101111
11001101001001110101111100010001
00110111001000001011010010000101
10111010101110110100010101110110
11111101100011100010110101101100
00110000000110011101000111001111
10010101111010000100000000000000
01101010110111101001110010010100
11011001101110100100110111101110
10000010110000110100001011111110
00010010111110001010010011111000
10011101001000011000100010110000
01010001101000011101000100101001
00011101110011010001001110010100
10000000010111101010011100101011
11001110101000011111101110010000
10001001111100010000000111111010
10000000000000000000001010010000
01111001010111101000010001010100
11111010111111000110010111001000
01011010001000111010100100000100
00000000101101111100101011011010
10001111000011000010110000010010
01101111100100001101111011011101
00000110001100010101101101111001
11101011000101011100110000011000
00010110111010100010001011100111
01100100100010110111100111111100
10101011100001010101101010110011
01010010011001001011011010001101
10000110110111100100001101001110
00111101011100000000001001101111
01001011101100001000111111011010
00001101111000100000111011010110
00001001111100011110110101101101
11010111100101001111110110001111
11110010110101101000010100001010
11011110010001010100011111011110
00000000000000000000010111000111
