01000001100010101000011010110111001000011010011110111000001110010011110100101011101100000010101000000101100101100011011011000010
11001010111101101100101010000011010001111010110111001110010011011001000011101100100110100101010001100101110010000111011001111100
00010111101000101101010001100011111101111101000110010110010111101010110011011011011101010011000011110010110011001000101011110100
00000101011000010000011011101100011011111001111110010010101001111100110000110111010001001101001111101011011000100101110000010001
11011100001000111000101111100100101101111100100101000001010010010000000110011000010000000000000100100110001011100110110100011010
11111110100111011010110111001011101001101011001110101000010100100111111001111001110001011100101010100101001011101111001000010001
00000111011001101111110110010010111101111101101100100100001110101111001100101000101110110110101011001001111000011000101011011010
00110000111101101111000110001110010101001010110100111101010100010101111100101101000000010101000100011101001110110101001000100011
01110101011010000101010111110011000100111110000000111010001100010011100000000010001110010110101110100000101000111000001100000001
10001110101110101101001111000111000000011000000101011011100110001011110000100101000100101111010001010101001010111010110001011110
01110011011001000000101111010000011010100000010110111111101110010101001001110001011100101100010001000100111010110110001001000000
11111011001010000111001000001011010001111110110111100101000101101011001100001110010000000000010100000011110111001110010010010111
01000001110100011010101100010100110011111001101100111001000001110110011101110000001000010111101111111001110001101101001101110000
10101110000111000100011001010000001010000110101110100100011100010100001011011000101011100001100100001010100101101101011111010010
11100001100110011111110111101001011000010111110100101001110010100101000110111110010111001000101110001001110100010001011001110010
11001000010001011000111110000010111011011011100011011111100001110010011001010100010101010101111111001100110101011001001011111100
00110111001101010000110100111011100100010110111010010110011111010000010111010101000000101010000010111110101111000100001111001011
01111100011111000111000111000101100100111110110010100100000111011110001001110111010101101011101010010001100001111100100110010100
01000100000110000011001001000000010111100101000101100000100011011011101010101101100010010001011001111001101000010110111111100100
11001011101010001010010010111111100111100001111101011100011110101110010011111011100000000111001001101111011001101111010101101000
11010110110110101010111011110011010100100110111110110001101111101110110111110111011011110001111000001100011011111011011111000100
10111000100101100011111010101011101010110000110111110011010101000000110010110100000100111001000101001101001101011011110001010001
00101101010111000100011101100110111111001000110100010011011110110001101110010100111011000111010110001110001011111001000011100101
10111000011011110100010000101011110001000111010101011111011101110011000111110101110101001110011111001111101101011010100101100101
10000001000000100011110011100000010001010010000011000010011011111010111001101010000111011001001110110110101111011000110110011010
00101101010001000010010100100011100011111011000101001000001111011101101110000101101101111110001010000111001001000100100100110001
01010001100011110110001110111010000011010110001001101001100010101111011000110110110011000000110011011101010110110101000101101000
11001010110100110111001001101101110010000010110001001000101001110010010001111111101110100011001000010001011011101101100100101011
00110101000110011001101011100111110100011010001101001000001111110110011100011100011010011011110110010001101111110110110111001101
11111101100001001011011010010110001100101101001111110001000101110111000011000011010011001101111010001011101011001011001010001101
11011101000000100000011100000001100111001111000001111011010000001011010101100101001111110100001111101101010111101101011100010100
00010110010001011011111111100110101100000011011010011111111101100010101110001011100011010000000001110000010110111000000011001010
01111100100011110111011110011010101010000100011111001000001101111101111100111000101101111101111100011100000100010111111110000101
10011000000011100010011110101001101001010000000001001011010001101000000010011011101101010000100001110011101111010101100110100010
11010000011010101000010011101101110101111001111110111010000011011011010111111101110000010001001110111111011000011000100001010101
00000011101101111110100111011011111101001110101111000110001100111011011101000101111000000011000110101110101000001000011001010010
00001100101100111011010100000000110001011110100110110000001001101011010111101011110111101110000001010100110011001101011101001111
01011101101110011011101010001011011111101000000101111111001111101011001101101000111010011101001100011111010100100101000010110000
11011011001001011101110000100001010111111100011011011100000110001001111111001110000111100010110000110000000010100010000111001100
11011011010001011101101010111100100110111011011001111100111101001011110010000100101001001011100000011001111100100011010101101010
10101011011010011000011000000101000000000100111010110100110100110010111101001101011100010100100011010101100011100001100001011100
01010011111001010010100110011001000010100000101110010110110101110000101111101011010000101111011000111010111111110011000001010001
00101111101011001000101101110101111101000000000110001101110100111011000110111101000101011011000101010100101001010101100001010011
11110010111100101110111010101101111100010111011101100101001101001110001111010000000100001010010001000001100100010011001001101011
00101111010101010001011001100100011000111011011010110111010010001001101010110111111010111001001001100010101010011011100110100111
10010001111110111111100011011011001110011001100111011110100010110010101101011011011001100010000101111101000011110000011010110011
10110101010101001011100001010000001111000001001111110101011001111010100111000010000001110111010011011010111010100100010001011111
01001010100100000111110110110001110110001110110010110011000110110101000100100000011101100101110101000001000111011011110001101000
00110001100001100010110001111111101001110000110001010100101000011010001001110011000111001001010101111110100101101110100111110101
01110100000101100001111100111011001111101111000111100010111100011101010111010001001000000111000001111100000111001001010111011010
00010011110110110110110101000011110111000001111001011010110011101111100011001100100000001010110011001001101101100100110100000001
11001011001100011001100010101011010110011110100011011000011000001101101111101111100011110110011111001011100001011110011101000011
10101010110111111001011011010011010000110000011010010010010001101010110111110011000110000011010110011111000010001011101001101010
10001110000100011111100001101100111000100001001010000111010000100101111010111010000110100010011100001000100011101110000000010010
00111011100110010100010100111011111101000101111001001010011100100101111001010010001001001100101000101001111110001000011111100001
10111101101101010100010101011111110010111101111000100101101101001011011100100111010011110000001010110000000111101010100111000101
01000001010001011010101010101000000000110110010001110101101001111110100111011011110001110011100011011001000100110100010010111111
11011101101000111111011111101101101111010101101010010010100101100000000110000001110010110111100001000101101010011101111000111011
01110010011000101111110111101011110111000110001001011111111101100011101010110001101111001010111101100111001000111010110100100100
01110011101000010100110010111111101001011100010001000101110100101100110100000100111001010110111001011100011010010010010100001011
00000101010000000001110011110110100000000010010011010111100111101000100100000111010100000011010000101100101001001011101111100010
00100010110011000111001100110010010110100111000000110110001001100001100000001000100110001011110101010110111010000101111001011101
10111100101101101110001100100101110110011111100110101001101100011011110110110001001011001111001111000000001011100110000010000111
01010011010110100011011001100100000110101101001110010010101000001101000001010101011001000010111110010100100111011110101111100000
11101101010101110110000011001010010001110111010011000001000010111111011011000001011000011101010110010101001011100000010101011010
11000100001111000001000001011010011100011100001000000010000111110101101001101010101111101101101111110001001010100101101010100010
01101001000101011100011001111010000001010110100001111111110111001111101001101110001111000001001011010011111100010100010000100001
10000111111001011000011001101110011010010110111001100000000111100111010110000000111111000100001001010010000000000101001110111111
11010100000100111101100000111001101111011010101101000011000101111110111011010000110110110110100010101101000100111110110100110011
10010000001110101001100010011101111011101000110011111001010010100111110111111100001100100101101100111110000100111101001001111101
10001001111010100100000010101000000010110101011111000101010001000111101110010001010000110111001101111001100111110001011110110110
01110110011011011101110110100101001011011000001011011111000100010101001101001010110001101111111010101011101001000010001010101100
10101111101111010111011111011011010000000010011010010100110110111100010110001011011100100100001010010110110101011001101111001101
10111010100001001011000001001100111101000000100101000011110011110000011010000001100110011101001110000011101100110000111010011111
00011110000100001110101101001010101000011101100111010000110110011101011101010010111011101000110011001101010111010110111101011110
01110101110111111110101111010010010110111110010000001011111110111101001000110010100111011111010110111000110111101101111110000100
00001100011111011110110101111100100000110000000110011001100000111101010000111111110111110010110010011010011000010111010001101011
10111110100111000011100101111101101101100101011111010000100101101001111100011110100101000111110101110001101000010010001010111100
10000110010101111001000111111100111011001011000011001001110001011110101011000011000011111100001011000100000010000110001000011111
10111000111001000100011010010111001001110000011111111011110000001111100011000011100111001011000010011101001010001000001000000011
00111010011100110101000001001011100001001001111011011000001000010010001100000101100101011110000001000010011110110110010100000101
10001001110111010110100011110110100001101100010111101100000001001111001010111000011100110011010010101010101100111000001111101010
11011010100001101010110011101100011001100111000001011000111001110100001100010000001110111000110000100010101101000011010111000010
10011101111011110111010000110101000001010001101001010101100001111100011110110100111011001011011010111000000100010101011111110111
11010100111111010111110001011011000000000101101101110110111010000100111011100100100011110101110111000010010100101000111111010001
11010010110111111101011101000111001010000011000000111001010110100000010010111000010100000011101011101000000011011010001000100010
11000101110000101000011110101001001101110110100001111101110001001000011110000100100000101000011100110110001010011110110001111111
11111011011110011100111111100100001101110010001000101111011000010100100100011010000110011001001001111111111000111000101010100011
10100001010111011100000001010100110110101100110000101000001001100100110001101111111110111110111001010011000100001010110111100110
10011101101011110000011011111001101100110011111111110000100010101111111101110010101100010010100000010011001001110111101111110111
01011010101000111010000000101010100000101010010001010101110010001000001101101010110000001110001111110111111000101110000101110010
11111100001011100111101000000001110010111101101010110110101100010001011010001011100110000100011110000010010001111010110111000100
01101100111000100001110000110101110110111101001111110010001011110011111110100111010011101010100111101100001110101011000100000001
00011111000100101101110110111000110100111011001111000001101111100111011001001001111001011010100101110001000111001001111111101110
11101010000111001001100001010110100101000001000101110110101111111111110101110110110100111110110000011000100001010100101101010010
00000010000111010010110110111011001110001010111011010111100001001110010010110100101110110110101101000001100010110001001111110000
01001011110011010001110010011111101101111000011111100101100100001111011101100000011010101111111001010011001000101100011001110000
11101011000110101101110111110110010000100101011010010100001110001100110110100001110100001011011000001001011011001101100101110101
00110000001100010010000000110011101111001110100010000101111001111111111001010100000111000110010111001110000100000000100101100011
00001111100110101100101100100000011010110111000110011101111111110000111011110100000011111111010101110011110101000001001010000100
11011101110000001011000000110010011111001111010011010110010010010010001010010100100110011000111010011101010001001001010101110010
10010101000011001110011100011000011010111100001101011001010010110100101000111011100100011001101101001001000100101100001110010000
11001010010101011010100111010000101100110101100011110000111110111010001010000000101110101101001111111110111101001001100000011001
01011110111110100011000011001011011101101010011110000000000010101100111001011000101111001101110101001011100001000100011111111101
11010110000011000011100100011011101101011110110010100011101111100001001101111011001011111011100001011000101010110101000101110101
11011010100101101111110111011111100101000101111010110010010010101110010001000100111110101110101111000101010101001010011011001111
00010110111000111111101111111011010000011010011011000010000110010110111100011101101000101001011001110010110010000111001010010111
11111110101100001100100101011101001110100111101011110110001110110000000011001110010010110010101110101101111011111111001000100111
10110011100110001011110111001100001000000000000010001011000000110100001010100101101110001011100000000110011011000001101101011000
10011111001101100101111110001101010001010001100011000110001110110100101101110111100110001101100000101010100010011100110100101010
01010110001010001110001010011010001011101001001001000001001000110100001100001000111111000111010010001000010100111100010100111000
01101100100000110110111110001011101111011110010101010000110001010010110100111011110000100101110000011101100010011001001010000011
01101010001011001001100111010001111100011000100010101010101011100010101111001111110000001101111110110011001001100111111000111011
01001000000000110011000101101001011001110000110011101100000010100001110111000110001100000001100000010001101110111101000101100101
01111100000000110011101101111100111001010000000011111000011110101010111001110010100001110001100000010100011111110110101100101001
11101101100111000110110100000100101101010001111100100010000110100110111011101011100010010010110011000011001101001110001110000000
10011000101100000101011111111101100101111101010011110100111110011110100001101010111110001111000110000101011100110101100010100101
01101011010000100000101011001001000101011011001110000010000011010011110000000100000111111110101011000000010110011011011100011101
10000011110010001101111010111100111010110001000110110100101001000110110010101000101000011011011000111101000010011010001101110110
00111111100001111110010110101100100000011000101100110111001000001001101100110100010000011100000100001000001011111101100001001010
00110101111001101100001110110101010001001110100100000111010000101001001010110010111010100111001110001010010000101001001110010101
10000000101111111011111110011000010111001011101100011001011011000111001001100110110101010110011000101100010100010010001110010010
11101000000111011001011000001010001010101100101100100110010101010010001111010000001111010000000010110011001000110101100111110101
00011001011100000000010001101101111101010000001101010110010101010001100001001101000000001100111010000011011001010011010001100110
01000001010100011111100111101011100110110110001010101010111000101111011101010110010110010101100001010000101010101001100101011001
00111111010010011110111001000110011111111000101100110001110010101001110001000010001100100001000111101111000001110010001010111000
11001010100011000001000001001110011000111011000110010011000101000100101101100010110100010000001010001110111101000000100111100101
00001110111010010000010110101010101000011011101111010100010111000101001110111011111011011110011010001111110000010000000100111010
10110100000011010100001101011100010111010111010001100100000001010001010110101000011111100000110100100110011011101011100100101101
11000000111001110100111111010111111010011000101110010000010110001010011110101010001110101000100101110101111111001011111111001010
10000100010000100111001101001101101101101101110101110100100111001000110101001111110000001111110110001011101110100000001000000001
11001000010011101111100000101000010001010111100001010101010010111101111111101000110010111101010001101011001010100100011101011111
00000100011101110101111000001110100011011101101000001100011000100001111011011000000001111000110001111111101100010100101111001110
00111111011111111010000101111111011101001110111110111100100111100101111110110001100101001110000100010110101010001111011010011000
01110110010001101110011011110101010010011000101000101011110101101000001010010001010100101011001101001100111001011111010011001101
11000000001011011101001101101101010011100010001100000100000111100011011101010001111011001000111001000111100011001011011111001001
10101011101100110111000010110011011101110000001011001001000010111011011111111110010111001000111100100110011011101000011110101011
11111111000101100000100110010100010101011010001111100111100000101010100000010100101010101001000111111010101011110001011010011001
00000000000000000000000000000000000000000000000000000000000000000000000000000000000000000000000000000000000000000000000000011110
