10001010000110100101111101111100011000100101000100111110101001111101100111001001000000011111111011111111001010000011000101010101
01100010110110110101110100100011100100110111111010101011111010010111101110100000011011000011001000101101111111101010111001110001
11011111100100101110101000010100100100110100101000101010000001100100110101010111111011100110111101110000101010000110010111111001
00100001000011111011110010000110010001000100111100101010011000000010010101110000000000101111001000000110100011111011111111111100
10111111000010110101101001001101110010010100111011111000000110010011101001101010111000010001110010001000101010010111101010110001
00100101101110101010011111101011000101001010000001000000010101110000000000011110100001010101111010111010111101011100001111011011
01110001101010110101101110011101000010110001100111110010000101000000000000101010011001110010010110110011100000101110011010101011
10000101010010000001010111100010000110011101101100010011001001010000001000001101001100100100000110100001110001111010111101001101
10100000110001000100011101101100000100000011111110011111101010000100010000110011001000011000010101111111000000110100000110001101
11110110111001110000001011111011000101100001100000010010101001000000110111011101000100100100101111010100110111010100011001111011
00100010110001101100101000000001001010100000100011110111111100100001011111001110011001100111001010000110001011010111100101010000
11100010000111111010000000101001100101011000000000100010111001001000001011010010111101101111110011111111100000000100000110101101
01110000111011011101010001000011101111011000000001110110101111011100110001011001000111001001100111001000011011010101011010011001
00011010101100001001101001110110001010011110101101001000010010101000010000010011010000110100011010011101111110010010000111010010
01010101001100100101110011101101001000011111010110001100001010000010111011101111011101100001011001000010110100011100011000100100
01100100111000110001011100010111001010010010001110010101110000101110011100101011110011101000111001001001010001111111001101000110
00010110010010100011100001110100011101001010010010100101111110100001001010101111100101011111111001001000010010000001010100000001
01011011100101000101100110101110011111000100101100110101110000101111101010010001010001110001010001110000101000011100010010111111
01111001101101101111000010011001000110101110101011101001001101010111011111011100000011101101101001000111010010101100000111001100
11110100001011101110111101000100110001111001110101101111001100110110100101010110000001111001110001010101101011010001110111011100
11011011111111010000111111111101100001110010100011010000011010001010101101100011111010111110100101110000111010111110111011110010
01110100011010111001110010001101001011111101110011111001111000011100100011100001001100001110001000101000000111001010001010101111
00001000100110101100010000011000011011001101111101010110101100111110001111101101100001001111111001000001000011110100101101011110
00000011100101110010111111000000101111101111011111010101010110111001001010111110001011101010111001101001001100011111010110000011
01010001001111001010001100111111111011011000011011011001101011010101010110110101100111000110001111011110001100000100111111101001
01010100000001001010000000001001101101111010110101101110100001101010001101101001000011111111011100100011011110100110001100110010
00101010111010111100010101100111000001101110111011111111101010110010001001111111110000111011000010111000010010111010011011000111
11110111001100100001100010011100101010101010000010111100101011100110010110101111100110111011011111111001010001001111010001100001
11110110000111101001010111010010001001110001010110100010010101011111001001011011001011000110101111110011100011111101111101111101
10001000101011101001110001111011010001100000010111000101111101010001110111011010010001000111100111111100000000001110001100001010
11000001011111111101111010111001110011110010000011111110101011000011001000111001000011100101011111001011110110000011000011001101
10011000010011110100000000011100001100110101100001111011001101101110100100001001110110110100010010010111110011100011011011011100
00100010111001110111000011010110011000001111100100100101000101110001000110010100001001001001101011100101000111011001110111001110
01110100100001100101010011011000001100111100111001010101111000110011111101111101011011000110110011100001100100111110000010110100
00011111011111111110110101101100111011001001010110100011000111100110111011000011010000010110111110010010110101001110100010101000
11011101110010110011000111000001110001100111101001101100101011011010011100101000111101101011011011011100001010111001001100111101
01110111001100001111011011000011011100000110111111100101001000001011110100010000010001110110000110101011101100111111111110001100
00110001000101111000111011010101001001100101011000010100111010000001100000000111110101010101000000010100001001110001111100111111
01111110010010001101000111001000101110110100110101001111100011101000111101010000010110101000100001100011011100001010011001101100
00011011010100011010001001001100011011111001011010010101010001000000010100101011110110001111011001011100000100101111000011001110
11000101101011100110000000110011101110001110001101010001111100101011101111111111011100000100001011010000001010001100111100011110
11100110100101101010100000011011111001100111011110011001000010010010111001010000111000111001010000011100001010111100011010111111
01101110111011110100110011010011110110111100101101100001100111001001111101011100100000101000010100110100011101010000101000111110
00011100001101011010001011001100110000111101000110100000000111010101000001001011101100111010001101110101110111001101111101100010
00111111010100000101110010111100111101101000111101100111000001110101010110000010110000110111010110001000101101111111100000110111
10111010111111001001100100001100001101111011110001111101011000000101100001101001001100011011110001100110100000011000100001100001
11110100010010001001000100011110111010100111111110000011000101101010111011001111011110110111000010100111101101100000011111000010
01110100101010101011110011100000000001110110101101010010100011010001001110100000100111000111100010100010010101100110110100011110
11011111001010100001011110111000000100100010001010111110110101101000001010011011011101010000001101000101101110101000010011111001
01101111000101101101111100100100110100011011011011110011101010011111100011001000001110110110100100011110001101111001010011001011
01010001100000101111001010011111100101110010100000100111101001011010001010010010110100100111011001111111111110010001100100100001
00110010011010010100000101000111100100111011111010010111000110010110010110001001001100001010001100010100101010010101010100110100
11100100010110001001110011101101101110001110000111101011011010101110000001101010100001110010101101000110111101011100001010010111
11101000111001011010111111110011000001011000111000101110001110000100110111000111000110110100100011101111111010110110000111110101
11110001101001000001111000111000110001111011111111110011011100001010000001110000101110110100011111110010110000010010001110011110
00111000011111010101101001100101111101111001001100000000100000000101001001100011001100000100000101110111011110001110100010111010
01101010010110101100110001010011000010011101111100110000101011100001111000101011011111101010010111100000101101000101000100111110
01110010000110000001101000011110101101011100011111010000111110011111011101000110001110100101001010010101001000010000000010110010
10110001010001011011000000001000000100011010110001111000100001011011110001101111101101100111001010100100111110011101101011111001
10011100011100101111100110100111100111101100010110100001100011011010000110100000110101000111111111001001011111111111001100000110
10110101001001100011100100011001111010100111110010100100001100010010011100011111100110111010100100111001100101110001111101110110
10001010001001110001101011110100100100110000001111111111010111111011010010010001001000000110101001100101101010110110110110001101
00001101011010010101101100100100110010111001001111101011110110001000010001001010101100110100110101011001101011010010010010110101
00110100001101001010100100010001001110010110101010100000001001010100101010101011010101101101100111000101110000001011110000101100
00111001010111011101110011000011110110111111010100011110010001010001001010010000011110001011010011010101000100101010010011101011
00101001010100010000110110001011110000010110011000111100111010111001000111111110011010100110110110110010111110001100101101001000
10110000100010111000100000011001011001011000100100001110101100101110100011001110101110011101000101111010000100010000111010100000
01010000101000011000001101010100011101000100001010110000101000110001001011101001011101110010111001010011010000100100001001010000
01000000111000001100101110001111111011101110011111011110001001001001000101001110001100010010000010011000101001001101001101100111
10011100101111110001000001101000000011101000110010100011000111000001001010011100111110111101111000101111010011011000111011000111
01000010111011101100111001000101001111001011010111010110101000100110011011001101010001110111011001011100001111100101010110111101
10011010000011100001000000011110110001010001111001001101111010000001110100010000101110000011011000101110011111001011011110001110
11001001101001111011101010110010101101001001011001011100111011110100110101010101100100101000110001110111100111010001111011111001
00010010001011110011101110010110010011011111001110000101111111010111011101000000110000111111011000101010110110000001000000001001
10110011101010110110011111111001100110100001101011110100001010100011000011001111001110010001111110010000000100111100010101101011
01011111000101111111101000110010000101000101000111111101100011010110001111010011001100111100111011000100110110110101111010000111
01111001110100010101011011000100011010111000101000011011010001010111100010101010100000100110110100010101010101011010000110110001
01110011110110001001111110101101110101001111101100010001101100110001001001100000100110001010101000001010100000110011010011010101
01110011001000101011110110001110110000111101100011001110011010010001111100010011100111011000010011100011101010101110100010001011
01101100010111010101000000000101100000001001101110000010001011000101000100010011100001011011010101111110011100000111001001001101
00101110100000011111101100111100010111011101100010010110001100001111001010000000001100011110111010111011101100101010011000111000
10110010111101001111110000001100011001100111111100100010110011111011100000001111110100001011000111000110110011100100001101111111
11000110111100010011000100001111110001110001101111010001011011001010010000111101101010010101110010001001000110010000001000001111
01001010000010100001001101100001100111010010110111011010000101111010000110100101100101000100110111100111111011110001001011100010
00110101000111010110100011001110100011110111111011110110100010100111011101111001101001100011100010110100001011101111110001110100
10101011100111010010111010001000100011001100111110101101111110010010110001010010011011111100111110111101101110101001101101110110
10111111011000110000001101110010010111010001111001001011111110000111010011010010111010111111000011100010111011000100100000010101
01000001100010111011011000010111010000110001001110110010100100000011000011011110100111000000101001100000001000010010101100010101
00101110101111100001100001101101111011000101110110100001111101010000101111110100001001001100101101101110011000000011010001111011
01111001110010100111100011111101011000100101111010001111001001001111111100100011110110111010001101111000111100000011000001101001
00000010001011011011100000110010100111001000010110101011011100100001101110011111111010011001110000001000011010101110110110101010
11101101101000010001010000110101110100010000011101100000010101101110100010110011001100100001101111111000101010010001101111001100
01011110100100011011000101011111001110001101001100011110101011100001010101001101101011111100001110011011011111101000110111110010
01110101001111000110010011011110101111010010101001010100001001010001110011001111100011001010001000011100000010101100101100100100
10111001111011011011101101001110011101001101010000011000100111101111111011000011001110101011010001110101110101010111111011101011
01010101101001001010011101111001110001101111011001100000001000100101011100100000100110111011011101110001011110100111100000111000
00011011001001110000001110011100111110000111101000010011001011101001100111110100011101010011101110000100111110010110101000111000
10010101000100001000100011011000100010010011101001010111110000010010011100110111000101011011011001100101110110001110000101010000
10001111001000001110110110101011111100101000011010000000001000010101100100001001011110110111011111000010001000000100000111010001
00001110000100100100101110100110111101101011101110011110100111001111111010000001111000101011100100000001001011010001010110100110
01000111111100111001111110111000000101010011100001011011111110010100111011000010010001111001100011001011101100000100000010010110
01111110011110100001000000011111000110010011011000101101100110110110010111010100000110011111100101001011101101101011010010110011
00011101111110101111010100111101101001000111100000110101001000001110111000010001110100010100001101110001101100110000111011100110
01110100001110110101110110001000111100000011011101010011111000111110110000110100100101011001110110010011010011100011101111001100
10111000100010011100000001011000011111001001101001000011111110000011100100000010011110010100101000001111101010101111111111010111
10100101110001101101001110100001100100011000001111101001101000110100100010000001000001010011011010001000010000111010001110011100
01000111110101010001000111000000010010101010010010111110001010001110011001101101111010001111001110010001100001000101001110010111
01111101000000001010101100010100010011010101100010110000111011001010110001100101110101100001100101100000011000001111000110000110
00101001001010010001001011000010000100011111111010101010001111001111111000000111101011000101010110101000010000100000101000110101
11001001100111001100110011000001111000010100000111000011110111100000110011011011101111111100100100000100101110010110011111000110
11111110111010011110011001110111000010100100111011101110111011011110011111111111000010101011101101110011000011110110011100000010
01111100011111011010100000110111011000000100000110111011010111001111101011011000100001001110010101101110000011010000111101010111
00101010101011101010010101001000000000010010101000000111000011101011110101100010110100000010101111001001100101101101101100110111
01001001100001110110110100110001111110001111011100000101110100000010000100100000101111010001011100010101001110111001000110110011
00010010111001010010100101101110000100111011101101011010011111110111000011000010100111111110111101001000110101100101110010111100
10000001001001101111010010100110001101010010111010101001010100100100101000111010010100000110010110101101110000011110001111110000
01110000101101010111010010011101001110000101000101110001101011111001101110010100000111111001111100010011010011111010001101010100
10010101100000111111100011001001000111000111100101010111101100001011111000000011101110111110100101001110001100000010100110111110
00100011101011101001111011010010111100010000000001001011001010101100001001000111000111110000101010101010100100010110110010011010
11111100101001011011101100100001111000010101111010110110011011000001101110100011101000101110110010101111100101001001100001100101
00110011000100001010100001010010111001110111111010111010111000000111111100110111011100101001111001100010110100101111001010011111
10110111110000101011000000011010101110111011011110111010000001110001001010011011101010110011000101110000000100011101000001100111
00100101010011101110011111011111010110000101111110110100110001011100101100111101111101111110001110000111100101001010011010100101
01010001000101110111001010101011011011111101100110100111001000010000100000000001101100101100110011111000110011000000110110100110
11001110010001000010000001001010110100000000100010100001000111100110110111101011011101011100001010011010101101001110011110111001
00111011110011001110101100001001101100001111011101111011101101101110110010111111011001111110011101011100100111100001110110000001
10010111010011111111001100001110110010010101011111111100011100100011101111111010111011110111100001000000111100110000110111111011
11111101100010001001011011110001011001100100100101110011100000100011101011101011111101010110101000100010010111101001111111010110
00010001101001110101000110011111101011111011100000110010100011000101010111110100000111110000101001101111001001000011001000011101
11001111111111011000111000101101011011001011101010111011010001010111011000110111001000001011010010000101110011010010011101011111
11111110110110011011101001001101111011100110101011011110100111001001010010010101111010000100000000000000001100000001100111010001
10010100010100011010000111010001001010011001110100100001100010001011000000010010111110001010010011111000100000101100001101000010
01010100100010011111000100000001111110101100111010100001111110111001000010000000010111101010011100101011000111011100110100010011
00010010000000001011011111001010110110100101101000100011101010010000010011111010111111000110010111001000011110010101111010000100
11100111111010110001010111001100000110000000011000110001010110110111100101101111100100001101111011011101100011110000110000101100
01001110010100100110010010110110100011011010101110000101010110101011001101100100100010110111100111111100000101101110101000100010
01101101000011011110001000001110110101100100101110110000100011111101101000111101011100000000001001101111100001101101111001000011
11000111110111100100010101000111110111101111001011010110100001010000101011010111100101001111110110001111000010011111000111101101
00000000000000000000000000000000000000000000000000000000000000000000000000000000000000000000000000000000000000000000000000010010
