000000001100101
100001100110111
000110110000111
001001101100001
010100011011010
001100010111001
000111101101111
001001101111001
010111001000101
011011110001000
011010000101010
000100001111011
100010001110110
010100010101010
001110110011101
000011111000101
100000100101011
000111111111111
011001001110011
010001011000000
000110111111111
010111001100110
001101010101001
001011011101100
001001001000101
010100001011001
010000100001001
001001001001101
010111010110000
000000011110111
001100111100001
011001010001110
000000010011001
011011100101101
011101011000111
010000011101000
010000001010101
010010110110100
001001011000100
000011100010011
000110010100101
010101101000011
001101001100000
010010011010000
011011111011100
000110010000011
001010010100101
001001001010111
010010010011011
000101110011100
000100110111001
001011110011011
011100111010011
100010010110110
000011011011111
001011111100010
011010100100110
100010001000110
001101011111010
000101010000110
000100001010000
010001110000001
011111010011010
010111101110101
011010011011010
010000000111101
