011100110001100
010010010011110
000011001110010
011011000000100
010101100010110
000100001101101
010000101001100
001011100001110
001110011000000
011010110000101
011100001000000
010011000000001
001100101000111
100001101011010
001011100101010
010101010110000
000000101100110
010011101001100
011111100100111
001010110011001
100001111000100
000110010100011
010001110011010
000100101100010
010100011010110
011000110011100
000001111011100
010001011000011
001101011000101
000101100111000
001001110010011
000111000100100
000000111010010
010010100111001
011110001011110
011110101010011
010100001000000
001111010110001
011111110010000
010011011101001
001001001010000
010001100011001
000100100011111
010011001111000
000101011001011
011111010010111
100000000101101
010100111111111
011010010101111
010110100110100
010010110001011
001101110101111
000011010110100
000000011101001
000001000011101
001010011011000
011111110111101
011010110110001
010000011001010
010011001010011
000110101111111
011010001010011
000011010101010
001011000001101
001001100000111
001000011001100
